5170529005
92964621
3102078893
4588069700
26505852
4754567856
2272745180
4820231612
64574056
1152586791
603064281
3842870663
4008613175
57511866
322191923
5085892589
4715238569
76699597
4987530790
4699331915
4571099697
4844866179
4772844170
34540663
4591851007
4796846347
4794649587
4652007717
3039754903
4665329519
175106022
4778533119
4637296934
10903234
4314353651
300276728
4719418865
4621416207
4847840749
4575464491
158323847
4870877635
349704669
42994773
4454953722
4572805541
4716862691
4614045723
5044426428
205521714
133264318
5108669588
58369287
36357444
4820625477
1057244008
4728444556
1698824891
4733312157
4718255692
892787279
4791104457
738566791
4574798024
4547263558
4721719755
4711266618
26634
54331804
4699928855
4749972136
4707509985
4752220829
4678015237
4585266551
4753601173
4801633431
4717835097
38477439
93421360
4207262409
734260
4764141266
4718663014
4787644848
173220159
4571086291
1153302487
4774106004
1428194
150868804
130975705
4858926654
45754752782062548549
4295874413
4591836629
111194006
5073606831
5086075037
81163909
4971404032
2658471788
4484117767
1878904772
82930700
16088152
526187
4784133780
1311362481
4723051893
4567535263
218542188
133055070
5013993544
4561269822
4798423216
4766807036
420326111
4359163526
4755168750
4742892111
2422468957
4317058567
4709317205
4706501677
147400
335080798
524387210
874062374
1361506666
2571140926
1147262342
590603367
4722276656
4706130901
4774694123
4718589632
3942243404
4246603758
4569341629
4781077886
4712256115
265964988
4785350306
4563697913
4718087565
4939524728
4630965286
561380157
4488463013
14727556
669267
2211559475
4721520941
570924194
4648597630
504616015
1601994207
4762321840
3994129879
4643925695
4329019735
29200915
5109267502
4795274894
581049
494410505
4762238389
483196833215686359
1350352020
47277739
5034445831
4737095816
3232468
4705916266
3603012484
2732903486
4783970785
4572066285
3617931070
4772449593
3869779683
4614066508
471324779
4710173730
4720957468
4651988092
4686376469
1811962609
4598156911
4831944920
5069743684
4705023524
4468819207
4598211709
4787605737
4179986393
4831566622
392596475
3481213398
1105942513
4752669971
4657801490
846743836
418189027
1476033320
2412932919
4545702086
4645045584
4650168986
2379803328
4726998856
1006092
4688204376
4716763052
3785128793
4717097047
1005875644
16848747
2230349505
4563094561
4781419357
102661514
4785134657
1571141571
4673596842
4770639261
4642600331
58999637
4766825477
4643886300
4514868879
2214785749
4774659099
4725630311
226185750
2540528894
4702653036
4721282980
4818135885
4681794380
4370945116
4708255224
4951142746
1447283324
534204824
539999406
28218959
4636827118
61979639
449808837
4588512623
4080880438
1578177544
4608627024
4762365082
4695900696
4295887588
5208202050
4592716010
4621830222
4636631182
58692284
4796223067
64170255
326747397
4580374603
4766452182
4538417421
4703119672
4730889854
367725951
4819955802
4823252341
4719805814
3739769595
482913676
2794762848
4754647832
4841958185
4842366391
2699724274
4824812362
4774091601
4633165459
394889546
1586171101
4655824742
4922263182
4811747837
4579850747
4763093802
4703164035
58692284280264206
4614042662
73832925
4951520
520865709
2686591059
1517389912
4598192567
738261512
4763237940
1745278975
47123609172062548549
16017221
179816218
4772432805
4726705665
99554589
4684437321
3233304155
4584773897
4722723513
2888399315
4706951177
4590899403
173952117
4763894237
3520853
64452544
4560439894
4794960587
4834021525
4688067391
2454837163
4747517682
2328765384
1977333994
17959011
4913722567
169002536
3892383348
4741482320
389238334829200915
16848747335904686
3759272580
4557947350
266270291
3746635904
4705912006
4617394666
4517409577
4773707918
5117068979
2596613753
499733929
1619425839
418314221
4703797830
149653122
4590844441
87853416
4789707697
4663215595
4671026591
4691528147
4629955073
5093828152
280264206
5056589249
4819601994
3087080411
4313796261
1925850798
4728274258
4812920514
4573715120
1758726602
2015244443
4703637484
240060236864452544
4740873087
50024538
4703712488
283754415
4790628495
4711843878
4773267046
3488552805
502988048
4943016524
4875414085
4295885142
5117030726
4772649218
3618052844
952214471
4706070991
2251987183
4956619726
4881499085
4706066790
4047550660
4728274224
4764490620
3465242909
4709522172
143920083
4719581282
3837283723
4660987042
4770453659
4739521455
2732854218
1812053910
4535930547
4764237049
79531086
2200404072
4693300435
4929816206
4776089486
5074134369
2632554922
4532346016
633451678
2433933106
73374904
4447800486
45719639405192333801
2409039633
2671966738
4708983577
4585946734
881769144
481056625
4747555663
4741621596
4743994771
4568261483
4135722043
4828607157
4588133493
4773724085
4624141290
4711391524
4766082289
4523483793
4787793961
4841563757
4754744995
4710457221
4718078977
4719506830
4787475597
2353820656
4623339633
4597517451
4601509870
4712324763
13751220
38621878
4600745873
4820524873
1690126754
4709254656
4550714730
1539868719
3366840506
4783689307
442238661
117367596
343027088
3044196816
5186793979
4295871898
4750391530
205149056
145249730
4290643469
4750515726
6717500
4672261010
4668802467
4724254665
3882149102661514
2978904
4705045001
4701657649
4621570075
2500693162
4882319086
4610690221
4771334501
506084539
385528152
4589386461
591455388
4748051359
4704855958
2842197189
4764111559
4638039593
4693379539
362822571
1294301822
4765266914
30055116
5257925341
90244647
4819540726
4923202560
4572351005
1796198390
4654250844
1529002050
4576805214
4714446473
176951299
4708952934
4776817491
199967999
80456916
47815920
4710385546
732539759
4774461755
8616060
2400602368
3576647262
4768202657
4734034235
2191523
4627470074
4752709103
4799463750
38372837232732903486
4325142349
4709384649
4770436398
4550186976
3768289326
1471744120
2511909942
4564183522
3217877281
4673606938
3689757415
3625480135
3004385800
4812924374
4734049379
22641628
923755944
3911704716
3882149
4702827601
4808995532
240682944
4842152588
282841836
478748870
4751237239
527343797
4773251979
4603776728
4797145626
50883865
4774476102
4429704596
4760942413
4739530284
8490569
3284269297
2379606254
4764472313
5160963251
506721743
180730494
3478772212
4454410019
102242747
4802167180
97325400
4495971287
1479600276
2850544854
4579760833
4532937413
5038406825
8695404
4575078116
4688087457
4688110246
4287748636
3427587148
4610884478
4688124488
2750554089
4589379720
4692747581
4571919985
4143499341
5092051735
4653261959
800605
3869963544
4261847958
4677714333
4831968332
3473024162
4672132231
210504701
4642997754
417996063
1274779392
4660398805
4719508147
4857910366
4722660032
5620290
1481520728
4737360645
4716650482
1589150975
4591237669
2489369495
4560888630
4724395238
504013303
4822346538
4771651518
4817155978
2621248224
4788057022
51609433114717339377
186366749
4661922639
2535243250
4757446238
4773862592
4737045863
4905927678
4772648934
4752369076
1429975984
4717339377
439297951
4770605115
3504066322
4056880961
4425983932
4535525996
4604412273
4707195496
4477752377
5143097323
237372012
4554493586
4815925317
4801542734
584329667
4618338284
1787124231
4820773416
1482436981
4655636274
2203939319
550003985
193607866
4817496874
4628803729
62797842
4642603712
4785526065
4737608122
4750793871
4785778323
4751786693
4682536935
4725703643
4774112899
5211719892
1407283907
4521186894
4314501293
4776839256
5255165458
4781001563
4773991193
505861828
159342003
28806841
5060878676
3427592128
4844793640
3667274373
4601804487
43715607
1564065777
3922514212
4740871420
2240583481
4606145465
4428702031
2283207708
4775848974
2778628032
4716781298
4580191411
17747682
4650061496
4586307148
444043521
4824360623
4910082743
4593573641
4637998182
5074801
4674533713
4699760824
3272570885
5011454020
5118441165
1155249616
4626266344
3307308110
480485628225775227
561324779
4768289239
4831979017
4540115904
4693284183
4788842986
4212932884
3874638520
35125466
4693326484
4722277186
4437493252
4560320539
4563495955
4828555438
1744292733
1383480901
4739230457
4558333118
5122853
3206388956
3709185529
1868489982
1173675962636817763
4725926046
178195102
116531770
4525176035
4075090971
4772594552
4747634601
4842542398
4249027895
4578338159
35077486
752995358
4770338413
4690023889
4198204429
4555614374
4764498926
4653824644
4770750048
15801397
4580278812
4770615245
4750519900
4626738764
4817473338
4740577431
4815961757
4095452962
4706717645
4705008363
4771487976
4748134613
4840548836
1812032415
4621818682
4790851802
5160943311
1910881775
4703188963
4726138149
4656601723
3910829365
5074162590
4625828532
496886248
4688096044
3869387449
4720643383
5198225140
393490944
4594017611
66468940
2597611563
158421113
3449089157
4590777649
4672283860
4712122848
4755579971
4697285633
4827365287
1594093304
513934255
4575505730
1277538242
3700194229
4279791190
4761041020
4704545117
4784145533
4091825339
4283315409
4828555002
1089888
4861139053
4711842105
4659731834
4707192909
4716996159
4628718252
539281311
4750575721
1574920483
2268432777
3158404066
5210882010
4739221876
4736864442
111185
550999403
4655614243
56500686
2636817763
4807549298
1545245753
4488078726
4700033167
4753492343
4750533649
4601515711
4829610152
90246179
1576824815
4732197997
4578307733
4574849236
130029287
4825129402
1563484457
4705494191
5018680618
4469366374
4831914152
4295836339
4805171177
4774785343
4660920218
4001974716
4425989568
148535745
4775345306
2062548549
4798080024
4721582827
729559975
4678539627
4709255181
4616808771
4704538150
3565280995
4825747299
4770630686
4821378422
4624039121
2433728
1258275061
3589305304
4827943033
4764315424
509204595
4382202783
4688166478
4731595130
4561106783
4875482515
3651026095
4706627250
4692051112
1299498451
1965032015
3478716835
4608818044
49563896414717339377
4794304254
4624160745
76696317
136819576
4672531908
4750549808
4575843623
15297810
2419993268
4900810232
4693195010
4627439055
9954
1445467725775227
5264264141
5252405558
1162718016
105265288
973510894
14454677
67829880
25775227
5018598872
3082422
5208925946
178589351
5236407118
64761476
78498511
43509732
6723421
1558589887
2759948581
604269106
5211005658
5212162674
2539556
1692003679
260189217
2471435263
2062341479
53081271
1844071606
241778666