1029025
1031429
1048338
1073690
1114768
1125510
1158416
1193866
1235488
1272714
1285307
1286490
1323367
1323384
1365767
2799053
4765323
8795521
9465511
9910070
9910420
11748356
12908119
12908164
13370505
13793866
14404355
14462955
14671091
14876573
15013006
15095717
15731113
16385361
16598513
16641274
16652251
16895215
17109706
17449820
17735316
17999992
18482398
20052135
20573086
20908915
20980138
21024661
21070012
21070350
22157971
22546563
22850569
22920501
22946161
23301681
23705521
23727705
23962538
24112667
24114402
24123795
24485062
24487029
24826614
25267538
25308748
25308781
25556219
25740034
25975243
26011378
26019070
26343188
26769281
26943368
27477255
27858560
28676186
29844011
30371876
31046644
31101391
31312357
31765091
32199211
32567578
33070696
33171947
33337038
34764447
35292167
35686056
36466277
36839669
37816777
39247441
39247498
40493240
40893128
42211680
42846048
44114667
46348897
47697285
48545806
49048671
49493376
51241480
51352983
52458643
55633111
55907562
55909280
60115635
62245191
62720062
62720797
63043890
63692675
64082730
64444871
64560136
65079090
66330295
68258723
68603324
69226736
69344107
69499437
71499623
72082328
73151293
73791866
73829193
74175019
74891470
74891545
76063110
77443704
80661504
81154592
83704165
88777059
88885069
93131552
93136746
93136802
94794774
96079550
96103379
97078419
97712291
97852103
98253626
98253651
98341183
98346834
99033296
99119240
99130630
99254164
99254241
99254437
99610601
100425940
100929295
100929604
101191388
102604869
102605392
102606919
102617707
106689944
108149175
108158379
114385498
116786741
119812659
119916949
124730194
124745913
125013769
128158708
128159108
135470997
136802867
138932314
140484519
144507154
146134358
147180077
148791559
151784526
156105465
158068251
158069180
159229806
161211371
162067148
169444030
169444515
173783297
180660043
183468963
188003914
188004500
188888052
193659065
193696233
193696364
193696583
207207025
207207782
209994352
215718515
215719463
215751161
228449574
241543974
250394771
250395631
259423244
271015154
286524574
286524947
293316452
298084718
306969564
315549204
321346550
321346616
323417812
323419455
323419816
334663683
335080779
362029620
362032819
362080535
376805769
376805952
382880833
382881237
382881373
383605854
387256603
398674241
398676450
402304782
416828455
416832622
416833339
416846000
417458345
439945661
439945864
439946101
439946249
439984665
439985494
440739783
445115703
461492845
489196035
493476042
493477472
493486164
494291269
507795810
527365852
553858732
553971558
553971858
557057917
562478132
568920951
568921483
583635712
638087256
638089422
689391156
833772556
878889105
878908562
1016143686
1180419124
1180419690
1180433861
1191135761
1191152570
1230409188
1340199684
1402433072
1425150624
1678356850
1743903423
1744051187
1744060292
2015363653
2041982658
2222720521
2397732794
2566015124
2566024668
2830437685
2830451846
2830463943
4255053867
4390848511
4390890198
4390891467
4390896732
4390900302